positives/processed/trees1.png 8 142 101 42 40 110 33 33 41 174 15 26 31 213 32 23 31 255 48 29 35 293 59 33 35 320 89 37 37 117 14 27 31
positives/processed/trees10.png 13 30 77 88 81 69 167 56 54 109 51 31 43 130 68 70 70 198 121 42 53 210 84 35 48 153 24 28 34 192 24 46 53 224 38 62 68 327 96 61 68 295 13 37 52 248 14 30 35 363 16 49 61
positives/processed/trees11.png 10 283 162 71 70 193 187 54 47 125 100 40 52 190 54 45 59 257 46 42 43 148 34 45 49 67 54 66 72 3 60 60 70 56 19 57 45 92 2 42 29
positives/processed/trees2.png 15 131 117 36 50 80 100 43 45 114 76 30 44 121 47 31 40 13 54 61 63 88 30 36 42 162 72 38 43 211 75 37 46 230 111 52 47 217 155 60 62 320 148 92 94 256 72 54 54 206 28 26 36 48 18 29 36 4 157 44 51
positives/processed/trees3.png 14 52 117 71 63 131 122 50 51 134 80 42 46 97 36 49 53 73 1 28 37 229 73 27 40 207 32 25 38 167 43 36 49 191 155 41 38 262 137 37 46 320 90 37 39 284 53 30 40 360 69 43 47 350 37 28 29
positives/processed/trees4.png 13 59 97 49 49 75 56 42 44 2 56 51 57 153 27 38 52 186 53 39 54 248 106 58 64 289 76 49 63 343 59 64 67 284 42 45 51 240 27 35 47 188 18 33 40 308 1 33 41 121 1 44 43
positives/processed/trees5.png 9 86 60 49 53 149 32 33 39 140 110 49 52 203 77 33 42 265 81 32 41 281 54 37 48 322 98 37 44 320 156 45 43 367 122 45 51
positives/processed/trees6.png 14 7 136 72 67 8 69 52 51 97 25 37 50 69 0 39 45 124 44 45 50 166 73 52 58 239 88 51 59 304 164 57 57 297 54 71 75 372 71 40 52 192 32 40 48 251 30 39 51 140 22 37 43 141 4 24 27
positives/processed/trees7.png 12 151 90 52 54 269 84 50 57 360 82 47 51 303 28 44 56 268 37 41 55 207 44 46 56 181 8 38 57 238 10 39 55 124 18 43 53 65 27 63 69 3 63 50 62 341 3 29 34
positives/processed/trees8.png 14 241 125 42 54 135 121 48 55 335 105 55 62 289 68 45 51 331 41 47 55 316 18 40 49 289 4 31 40 262 31 36 52 221 68 42 56 212 23 34 45 63 79 48 51 21 94 58 57 61 35 41 48 77 3 35 43
positives/processed/trees9.png 7 82 125 61 59 37 69 60 62 116 61 40 47 240 89 35 42 316 100 50 52 272 146 55 55 341 145 52 48
positives/processed/trees10.png 13 29 76 89 80 72 164 51 53 195 118 45 55 131 72 69 70 207 85 38 44 324 98 62 61 225 39 60 69 190 24 48 51 111 47 32 39 153 22 27 33 252 11 26 32 295 13 39 52 368 18 45 57
positives/processed/trees11.png 9 192 185 51 47 288 159 65 74 124 96 44 53 190 55 45 54 256 45 43 45 149 31 43 55 64 54 69 69 3 60 61 69 58 20 54 42
positives/processed/trees12.png 15 235 121 49 50 307 120 37 47 346 42 43 45 236 58 43 48 300 16 26 35 357 9 37 40 181 32 42 47 205 13 32 41 116 63 43 47 91 56 35 39 37 81 43 37 106 106 36 39 110 138 71 68 19 144 68 68 142 206 49 40
positives/processed/trees13.png 18 195 60 58 63 204 118 42 45 75 115 48 50 113 70 46 50 153 86 34 41 131 50 32 38 79 62 38 46 65 24 42 44 39 103 40 43 3 83 43 54 48 154 45 48 28 197 65 58 272 18 32 45 228 32 25 33 318 8 29 40 304 56 47 51 332 79 48 59 157 198 94 73
positives/processed/trees14.png 11 116 128 54 53 2 72 81 71 3 169 101 104 240 129 43 43 318 147 72 64 247 59 35 50 115 62 46 50 146 38 40 52 206 16 40 54 265 5 28 47 317 12 66 71
positives/processed/trees15.png 21 144 115 40 49 69 133 42 40 86 165 45 44 147 194 49 48 2 156 83 77 236 180 40 46 334 156 54 47 344 94 45 50 347 50 43 45 338 33 39 43 282 15 35 43 238 55 29 40 275 76 36 37 227 105 73 72 180 42 38 51 145 71 34 45 108 89 40 42 62 57 37 44 91 40 30 38 123 7 29 36 4 64 59 66
positives/processed/trees16.png 11 93 172 42 41 157 147 49 52 229 191 35 51 282 96 71 65 234 82 37 44 215 57 31 43 272 76 33 41 348 53 34 40 320 22 32 40 228 6 45 54 156 2 34 37
positives/processed/trees17.png 9 284 22 35 45 272 85 34 47 365 60 46 47 222 58 31 42 172 69 44 53 206 112 82 86 62 70 75 73 18 78 43 50 153 36 36 45
positives/processed/trees18.png 12 65 78 43 45 77 113 51 53 148 180 72 76 156 80 47 57 139 20 56 63 200 37 27 37 240 34 26 39 283 30 31 42 349 26 31 49 338 106 53 57 243 64 70 72 368 64 42 48
positives/processed/trees19.png 7 252 100 42 55 97 105 56 63 24 73 51 48 250 23 39 60 136 77 44 46 198 39 28 40 29 20 31 38
positives/processed/trees20.png 9 251 116 46 64 124 135 83 88 79 55 45 55 5 36 63 75 116 21 60 76 163 19 52 62 256 37 43 53 320 32 58 68 280 175 77 78
positives/processed/trees21.png 8 231 109 74 83 118 104 52 62 42 54 60 76 109 32 36 52 203 25 41 59 241 59 38 55 336 62 53 58 315 11 37 50
positives/processed/trees22.png 10 107 111 74 83 79 40 44 57 146 60 39 58 190 30 42 60 258 67 45 55 285 116 61 77 331 74 68 77 334 7 40 57 49 2 37 45 352 42 46 50
positives/processed/trees23.png 12 129 78 48 57 110 32 39 48 4 160 72 68 72 130 112 109 214 141 111 115 274 96 41 47 225 56 42 52 173 49 36 44 286 53 41 47 324 39 64 76 330 84 51 52 350 103 54 59
positives/processed/trees24.png 11 216 45 76 89 312 74 81 86 168 118 44 64 94 154 60 62 144 196 72 68 67 215 70 55 31 139 54 61 55 106 43 62 87 72 83 86 16 61 51 57 348 33 34 38
